# GENERATED FILE
# Format: id, x, y, width, height
32 2 2 5 14
33 12 2 3 14
34 22 2 6 14
35 32 2 8 14
36 42 2 8 14
37 52 2 8 14
38 62 2 8 14
39 72 2 4 14
40 82 2 5 14
41 92 2 5 14
42 102 2 8 14
43 112 2 8 14
44 122 2 5 14
45 132 2 8 14
46 142 2 5 14
47 152 2 8 14
48 162 2 8 14
49 172 2 8 14
50 182 2 8 14
51 192 2 8 14
52 202 2 8 14
53 212 2 8 14
54 222 2 8 14
55 232 2 8 14
56 242 2 8 14
57 252 2 8 14
58 262 2 5 14
59 272 2 5 14
60 282 2 6 14
61 292 2 7 14
62 302 2 6 14
63 312 2 8 14
64 2 18 8 14
65 12 18 7 14
66 22 18 7 14
67 32 18 7 14
68 42 18 7 14
69 52 18 7 14
70 62 18 7 14
71 72 18 7 14
72 82 18 7 14
73 92 18 4 14
74 102 18 7 14
75 112 18 7 14
76 122 18 7 14
77 132 18 8 14
78 142 18 7 14
79 152 18 7 14
80 162 18 7 14
81 172 18 7 14
82 182 18 7 14
83 192 18 7 14
84 202 18 8 14
85 212 18 7 14
86 222 18 7 14
87 232 18 8 14
88 242 18 7 14
89 252 18 8 14
90 262 18 7 14
91 272 18 4 14
92 282 18 8 14
93 292 18 4 14
94 302 18 6 14
95 312 18 8 14
96 2 34 4 14
97 12 34 7 14
98 22 34 7 14
99 32 34 7 14
100 42 34 7 14
101 52 34 7 14
102 62 34 5 14
103 72 34 7 14
104 82 34 7 14
105 92 34 4 14
106 102 34 5 14
107 112 34 7 14
108 122 34 6 14
109 132 34 8 14
110 142 34 7 14
111 152 34 7 14
112 162 34 7 14
113 172 34 7 14
114 182 34 7 14
115 192 34 7 14
116 202 34 5 14
117 212 34 7 14
118 222 34 7 14
119 232 34 8 14
120 242 34 7 14
121 252 34 7 14
122 262 34 7 14
123 272 34 8 14
124 282 34 4 14
125 292 34 8 14
126 302 34 8 14
160 312 34 5 14
161 2 50 3 14
162 12 50 8 14
163 22 50 7 14
164 32 50 8 14
165 42 50 8 14
166 52 50 3 14
167 62 50 6 14
168 72 50 5 14
169 82 50 8 14
170 92 50 6 14
171 102 50 8 14
172 112 50 7 14
173 122 50 7 14
174 132 50 8 14
175 142 50 7 14
176 152 50 5 14
177 162 50 6 14
178 172 50 5 14
179 182 50 5 14
180 192 50 3 14
181 202 50 8 14
182 212 50 8 14
183 222 50 5 14
184 232 50 5 14
185 242 50 4 14
186 252 50 6 14
187 262 50 8 14
188 272 50 8 14
189 282 50 8 14
190 292 50 8 14
191 302 50 8 14
192 312 50 7 14
193 2 66 7 14
194 12 66 7 14
195 22 66 7 14
196 32 66 7 14
197 42 66 7 14
198 52 66 8 14
199 62 66 7 14
200 72 66 7 14
201 82 66 7 14
202 92 66 7 14
203 102 66 7 14
204 112 66 4 14
205 122 66 4 14
206 132 66 4 14
207 142 66 4 14
208 152 66 8 14
209 162 66 7 14
210 172 66 7 14
211 182 66 7 14
212 192 66 7 14
213 202 66 7 14
214 212 66 7 14
215 222 66 7 14
216 232 66 7 14
217 242 66 7 14
218 252 66 7 14
219 262 66 7 14
220 272 66 7 14
221 282 66 8 14
222 292 66 7 14
223 302 66 7 14
224 312 66 7 14
225 2 82 7 14
226 12 82 7 14
227 22 82 7 14
228 32 82 7 14
229 42 82 7 14
230 52 82 8 14
231 62 82 7 14
232 72 82 7 14
233 82 82 7 14
234 92 82 7 14
235 102 82 7 14
236 112 82 4 14
237 122 82 4 14
238 132 82 4 14
239 142 82 4 14
240 152 82 7 14
241 162 82 7 14
242 172 82 7 14
243 182 82 7 14
244 192 82 7 14
245 202 82 7 14
246 212 82 7 14
247 222 82 8 14
248 232 82 8 14
249 242 82 7 14
250 252 82 7 14
251 262 82 7 14
252 272 82 7 14
253 282 82 7 14
254 292 82 7 14
255 302 82 7 14
